5275404559
1873741981
5091108016
1157523357
1686005356
362691320
1310185967
5198037892
1896528502
5054106863
929754915
1811704694
5077962640
1309402224
2059681199
5045660842
1358160010
5060461403
5341925697
1431989931
1759531002
5178540437
5323889403
5127118387
5241535976
1183518682
720405796
1483804519
1555530001
1812570339
5259791987
5191718112
1338964668
1084705617
1217240534
1509997769
5123883765
1017613153
5208362903
1958568673
703609309
5169976413
5020157057
5104865325
1335004261
2105401884
2132457842
5196891373
5127743384
5085036612
5160860298
1206551388
1130725323
1834836651
5380993429
5139043047
1268814003
2006849189
1581295299
1653708902
5084272653
992330219
1171590483
5041081548
5093183788
5178937285
1320222972
1771924247
1670466429
1328780720
5023670289
5255949109
898842092
5246403938
1184325989
1903908003
5042987161
1797663492
1808951131
5199832294
1302881044
5022210951
5247248963
5382177311
1636139899
1364074284
5157685753
2096749384
2051231312
1841572624
5008947303
2059769673
2105179086
5329438082
5390504305
5198976711
1284247353
5265636305
641121760
86032700
1510638046
1401795452
5196191045
5313109922
5112674283
224888822
5276911765
5054777751
5375143726
5325574240
1242082587
1354959846
920904157
1930897744
5178804509
1912122061
1510361794
1206168274
1281443960
838021650
1641529713
1620346357
2118836711
5292076889
1755981846
5010557523
1922603949
1887511972
1589978220
1700265344
787100625
1625845973
5150297079
1879558865
2013210134
5314873938
1836325709
5222300251
1803253684
5325986960
5354337438
863399482
5100017209
1201495390
1797683779
1642439892
1412540834
1635226094
5248192544
2015862296
5371191661
1238334977
2070135805
5183947212
5234592187
5047456260
5067888766
1741933581
2030056183
5316658195
1917328617
2123832482
5218309753
886415363
1285267914
5205797571
5331896244
5037359295
1539433399
1384207385
5272110699
1379219686
5374367798
5073729935
5224754238
1845533968
1696962359
2018168326
1396730270
5158723438
1212195748
136535732
5104543147
918109128
5347656868
5128883476
1102924870
1688252643
5303524123
5190545456
1044954282
1807897143
1123093789
1801804950
5311106035
5363717832
5318305175
5345866747
2128047845
1945582360
1419295436
5218511696
5010753081
5135008561
1219389812
5318012829
5178479755
1464649001
1636134416
1595395104
827905662
5364554942
1222290155
1906496680
5343592432
5367299038
2102093168
1065713203
5326978194
5304183505
5243938180
1417959771
5369629461
2080671224
1949838600
5317617989
1934973760
1864066457
5042435532
1701787824
1324742719
5341720868
5011466335
5098899648
1102549965
1253220205
5001816628
5340604718
1745120418
5287337066
1353452490
5326659388
5396187795
5397997184
1207936314
5195677975
1931255199
1112715793
5239814989
5072218351
1242513068
1456198106
1660257207
5234711236
5354142928
5082464026
5099310054
1675006597
5030074518
5060581036
824190597
1524511096
5138774248
1999169656
1418411795
1605836467
1300135358
5348394451
1927764453
1484527816
5221149503
1056952600
1450535848
5165840314
1578898761
5170963131
1881182645
1406289867
1745419805
2009994829
5095084194
1352101993
1296701912
1540425270
667280662
1850507232
1672131935
5313012766
1960939527
5112735505
5382310457
5282289332
2115367721
5103470091
5324016310
1221823017
5388043242
5309272644
5192424075
5006475766
5171090412
1292727078
1652768971
1387450670
5334412531
5013362817
1643867613
1169013638
5060968880
1462949397
223212279
1314789408
1539184393
1608676343
5367378765
774340049
5263092826
519695135
5322755993
5174817914
5162020136
5382564547
5098895758
1386056886
718998293
735738512
1351068350
2146601357
885957317
2075533794
5384981765
1629350615
5332058352
5099220156
5163088278
5160940882
600690391
2138441647
2055830812
5246473965
1628167638
2105482191
1100812479
1421265093
5386123159
5327518234
920313400
1415035662
2007908827
2056631488
5278956797
1446939691
1399644199
1112829514
5070729571
2044726781
5267912623
420531521
1460574432
5248934736
5179724961
1343146407
1602320439
1540924451
1324551477
141194957
1545462289
5246710650
5175523761
1045875567
1720494833
5282486319
967549191
5269694045
1759287113
5338993632
2121920562
127766185
1952151014
5169306665
1051609079
850778017
450428354
1949463452
1355138285
1738503763
1778871882
5305254260
5086815356
1316065465
2118683119
1565168842
5175916459
5174492952
1295062472
1778732458
1310263068
5350818327
5170181545
1961232250
5384006619
2030073532
187029924
1802516697
5105474750
5069740414
924868060
1392934358
5116548616
1206753170
5316913457
5217147367
1235467095
1644869356
1395046657
5025234342
5279218719
5256614838
5262072037
1762781130
1447031710
944295811
5383329601
5325694238
5380112857
1376082874
5294167116
1152496714
1670620003
5298513101
2113118854
5228989730
1057961136
1338370285
1027996923
5214534866
1558394645
1178244584
5187686128
5010628895
5210894622
157456502
5346585452
1380107789
1312180278
5374628285
5054231052
5235206638
1667460774
5004714648
1509585464
118354306
1825290104
5190595756
1569679482
5089407975
1288756546
2052887437
1953310783
1822355011
2024637537
1293378551
1834178277
5278083515
5206477260
1937283022
5171092112
5029045684
1968096143
5369019736
1851933714
1859014566
1805363010
5310976110
5352688343
2135288215
5119084943
2126404964
1348809529
2066276062
1225485784
1655858378
5027678308
5195691062
5237513623
5259705592
5024679673
5337978097
2022182170
1873532017
231608862
5138379082
1502017158
1599986988
1925455225
1771367690
224160214
5267062270
904202476
789784450
1155344770
5396952379
1387166209
322755159
1165361043
1138072740
500072761
1592903164
5292799027
1243132263
1335686198
1644214101
2146642295
1998492999
690655696
1562538650
5289305353
5311181632
5323791937
1676765102
1956239712
1736500928
2027142638
5014196884
2093353515
5240976770
5074908117
5367075723
115072943
1060581202
1359360593
2024867053
1570892896
1964691590
2100461784
981746429
763956414
1645068516
5167918985
5359942292
1525920910
1596054614
1093947257
312205757
5431256648
1158868377
1571488822
1473477956
5106121113
1769790535
1349940688
5374292911
5509101761
2039868915
2008060562
5141709991
5544651430
1373290641
5327385348
5016371213
5274660918
340501955
1668578819
5272586478
5172791230
5205242041
146744450
1547907807
340267101
86314233
1782039012
1512437535
5505088952
1585193320
1456678642
1484657306
5182596330
2033046990
5520970579
1444271798
172499294
572165105
804958850
46147822
5305360637
2087517757
5305469026
1032315085
216561826
1709563551
5023192434
1313343661
595622423
1495462114
1869738027
1312412482
5582306584
168588709
1117586567
1951435150
1349562381
1448998527
5038308048
5427211508
5336980503
2126016907
1713451218
5540054157
76688891
897771288
220745924
1319432943
1404808032
240221234
1713166837
5387683068
